-1.476404e+00,
-4.078426e-01,
4.511350e-01,
5.672583e-01,
5.599597e-02,
-4.343132e-01,
-2.791750e-01,
5.856476e-01,
1.592368e+00,
1.995062e+00,
1.476404e+00,
4.078426e-01,
-4.511350e-01,
-5.672583e-01,
-5.599597e-02,
4.343132e-01,
2.791750e-01,
-5.856476e-01,
-1.592368e+00,
-1.995062e+00,
-1.476404e+00,
-4.078426e-01,
4.511350e-01,
5.672583e-01,
5.599597e-02,
-4.343132e-01,
-2.791750e-01,
5.856476e-01,
1.592368e+00,
1.995062e+00,
1.476404e+00,
4.078426e-01,
-4.511350e-01,
-5.672583e-01,
-5.599597e-02,
4.343132e-01,
2.791750e-01,
-5.856476e-01,
-1.592368e+00,
-1.995062e+00,
-1.476404e+00,
-4.078426e-01,
4.511350e-01,
5.672583e-01,
5.599597e-02,
-4.343132e-01,
-2.791750e-01,
5.856476e-01,
1.592368e+00,
1.995062e+00,
1.476404e+00,
4.078426e-01,
-4.511350e-01,
-5.672583e-01,
-5.599597e-02,
4.343132e-01,
2.791750e-01,
-5.856476e-01,
-1.592368e+00,
-1.995062e+00,
-1.476404e+00,
-4.078426e-01,
4.511350e-01,
5.672583e-01,
5.599597e-02,
-4.343132e-01,
-2.791750e-01,
5.856476e-01,
1.592368e+00,
1.995062e+00,
1.476404e+00,
4.078426e-01,
-4.511350e-01,
-5.672583e-01,
-5.599597e-02,
4.343132e-01,
2.791750e-01,
-5.856476e-01,
-1.592368e+00,
-1.995062e+00,
-1.476404e+00,
-4.078426e-01,
4.511350e-01,
5.672583e-01,
5.599597e-02,
-4.343132e-01,
-2.791750e-01,
5.856476e-01,
1.592368e+00,
1.995062e+00,
1.476404e+00,
4.078426e-01,
-4.511350e-01,
-5.672583e-01,
-5.599597e-02,
4.343132e-01,
2.791750e-01,
-5.856476e-01,
-1.592368e+00,
-1.995062e+00,
-1.476404e+00,
-4.078426e-01,
4.511350e-01,
5.672583e-01,
5.599597e-02,
-4.343132e-01,
-2.791750e-01,
5.856476e-01,
1.592368e+00,
1.995062e+00,
1.476404e+00,
4.078426e-01,
-4.511350e-01,
-5.672583e-01,
-5.599597e-02,
4.343132e-01,
2.791750e-01,
-5.856476e-01,
-1.592368e+00,
-1.995062e+00,
-1.476404e+00,
-4.078426e-01,
4.511350e-01,
5.672583e-01,
5.599597e-02,
-4.343132e-01,
-2.791750e-01,
5.856476e-01,
1.592368e+00,
1.995062e+00,
1.476404e+00,
4.078426e-01,
-4.511350e-01,
-5.672583e-01,
-5.599597e-02,
4.343132e-01,
2.791750e-01,
-5.856476e-01,
-1.592368e+00,
-1.995062e+00,
-1.476404e+00,
-4.078426e-01,
4.511350e-01,
5.672583e-01,
5.599597e-02,
-4.343132e-01,
-2.791750e-01,
5.856476e-01,
1.592368e+00,
1.995062e+00,
1.476404e+00,
4.078426e-01,
-4.511350e-01,
-5.672583e-01,
-5.599597e-02,
4.343132e-01,
2.791750e-01,
-5.856476e-01,
-1.592368e+00,
-1.995062e+00,
-1.476404e+00,
-4.078426e-01,
4.511350e-01,
5.672583e-01,
5.599597e-02,
-4.343132e-01,
-2.791750e-01,
5.856476e-01,
1.592368e+00,
1.995062e+00,
1.476404e+00,
4.078426e-01,
-4.511350e-01,
-5.672583e-01,
-5.599597e-02,
4.343132e-01,
2.791750e-01,
-5.856476e-01,
-1.592368e+00,
-1.995062e+00,
-1.476404e+00,
-4.078426e-01,
4.511350e-01,
5.672583e-01,
5.599597e-02,
-4.343132e-01,
-2.791750e-01,
5.856476e-01,
1.592368e+00,
1.995062e+00,
1.476404e+00,
4.078426e-01,
-4.511350e-01,
-5.672583e-01,
-5.599597e-02,
4.343132e-01,
2.791750e-01,
-5.856476e-01,
-1.592368e+00,
-1.995062e+00,
-1.476404e+00,
-4.078426e-01,
4.511350e-01,
5.672583e-01,
5.599597e-02,
-4.343132e-01,
-2.791750e-01,
5.856476e-01,
1.592368e+00,
1.995062e+00,
1.476404e+00,
4.078426e-01,
-4.511350e-01,
-5.672583e-01,
-5.599597e-02,
4.343132e-01,
2.791750e-01,
-5.856476e-01,
-1.592368e+00,
-1.995062e+00,
-1.476404e+00,
-4.078426e-01,
4.511350e-01,
5.672583e-01,
5.599597e-02,
-4.343132e-01,
-2.791750e-01,
5.856476e-01,
1.592368e+00,
1.995062e+00,
1.476404e+00,
4.078426e-01,
-4.511350e-01,
-5.672583e-01,
-5.599597e-02,
4.343132e-01,
2.791750e-01,
-5.856476e-01,
-1.592368e+00,
-1.995062e+00,
-1.476404e+00,
-4.078426e-01,
4.511350e-01,
5.672583e-01,
5.599597e-02,
-4.343132e-01,
-2.791750e-01,
5.856476e-01,
1.592368e+00,
1.995062e+00,
1.476404e+00,
4.078426e-01,
-4.511350e-01,
-5.672583e-01,
-5.599597e-02,
4.343132e-01,
2.791750e-01,
-5.856476e-01,
-1.592368e+00,
-1.995062e+00,
-1.476404e+00,
-4.078426e-01,
4.511350e-01,
5.672583e-01,
5.599597e-02,
-4.343132e-01,
-2.791750e-01,
5.856476e-01,
1.592368e+00,
1.995062e+00,
1.476404e+00,
4.078426e-01,
-4.511350e-01,
-5.672583e-01,
-5.599597e-02,
4.343132e-01,
2.791750e-01,
-5.856476e-01,
-1.592368e+00,
-1.995062e+00,
-1.476404e+00,
-4.078426e-01,
4.511350e-01,
5.672583e-01,
5.599597e-02,
-4.343132e-01,
-2.791750e-01,
5.856476e-01,
1.592368e+00,
1.995062e+00,
1.476404e+00,
4.078426e-01,
-4.511350e-01,
-5.672583e-01,
-5.599597e-02,
4.343132e-01,
2.791750e-01,
-5.856476e-01,
-1.592368e+00,
-1.995062e+00,
-1.476404e+00,
-4.078426e-01,
4.511350e-01,
5.672583e-01,
5.599597e-02,
-4.343132e-01,
-2.791750e-01,
5.856476e-01,
1.592368e+00,
1.995062e+00,
1.476404e+00,
4.078426e-01,
-4.511350e-01,
-5.672583e-01,
-5.599597e-02,
4.343132e-01,
2.791750e-01,
-5.856476e-01,
-1.592368e+00,
-1.995062e+00,
-1.476404e+00,
-4.078426e-01,
4.511350e-01,
5.672583e-01,
5.599597e-02,
-4.343132e-01,
-2.791750e-01,
5.856476e-01,
1.592368e+00,
1.995062e+00,
1.476404e+00,
4.078426e-01,
-4.511350e-01,
-5.672583e-01,
-5.599597e-02,
4.343132e-01,
2.791750e-01,
-5.856476e-01,
-1.592368e+00,
-1.995062e+00,
-1.476404e+00,
-4.078426e-01,
4.511350e-01,
5.672583e-01,
5.599597e-02,
-4.343132e-01,
-2.791750e-01,
5.856476e-01,
1.592368e+00,
1.995062e+00,
1.476404e+00,
4.078426e-01,
-4.511350e-01,
-5.672583e-01,
-5.599597e-02,
4.343132e-01,
2.791750e-01,
-5.856476e-01,
-1.592368e+00,
-1.995062e+00,
-1.476404e+00,
-4.078426e-01,
4.511350e-01,
5.672583e-01,
5.599597e-02,
-4.343132e-01,
-2.791750e-01,
5.856476e-01,
1.592368e+00,
1.995062e+00,
1.476404e+00,
4.078426e-01,
-4.511350e-01,
-5.672583e-01,
-5.599597e-02,
4.343132e-01,
2.791750e-01,
-5.856476e-01,
-1.592368e+00,
-1.995062e+00,
-1.476404e+00,
-4.078426e-01,
4.511350e-01,
5.672583e-01,
5.599597e-02,
-4.343132e-01,
-2.791750e-01,
5.856476e-01,
1.592368e+00,
1.995062e+00,
1.476404e+00,
4.078426e-01,
-4.511350e-01,
-5.672583e-01,
-5.599597e-02,
4.343132e-01,
2.791750e-01,
-5.856476e-01,
-1.592368e+00,
-1.995062e+00,
-1.476404e+00,
-4.078426e-01,
4.511350e-01,
5.672583e-01,
5.599597e-02,
-4.343132e-01,
-2.791750e-01,
5.856476e-01,
1.592368e+00,
1.995062e+00,
1.476404e+00,
4.078426e-01,
-4.511350e-01,
-5.672583e-01,
-5.599597e-02,
4.343132e-01,
2.791750e-01,
-5.856476e-01,
-1.592368e+00,
-1.995062e+00,
-1.476404e+00,
-4.078426e-01,
4.511350e-01,
5.672583e-01,
5.599597e-02,
-4.343132e-01,
-2.791750e-01,
5.856476e-01,
1.592368e+00,
1.995062e+00,
1.476404e+00,
4.078426e-01,
-4.511350e-01,
-5.672583e-01,
-5.599597e-02,
4.343132e-01,
2.791750e-01,
-5.856476e-01,
-1.592368e+00,
-1.995062e+00,
-1.476404e+00,
-4.078426e-01,
4.511350e-01,
5.672583e-01,
5.599597e-02,
-4.343132e-01,
-2.791750e-01,
5.856476e-01,
1.592368e+00,
1.995062e+00,
1.476404e+00,
4.078426e-01,
-4.511350e-01,
-5.672583e-01,
-5.599597e-02,
4.343132e-01,
2.791750e-01,
-5.856476e-01,
-1.592368e+00,
-1.995062e+00,
-1.476404e+00,
-4.078426e-01,
4.511350e-01,
5.672583e-01,
5.599597e-02,
-4.343132e-01,
-2.791750e-01,
5.856476e-01,
1.592368e+00,
1.995062e+00,
1.476404e+00,
4.078426e-01,
-4.511350e-01,
-5.672583e-01,
-5.599597e-02,
4.343132e-01,
2.791750e-01,
-5.856476e-01,
-1.592368e+00,
-1.995062e+00,
-1.476404e+00,
-4.078426e-01,
4.511350e-01,
5.672583e-01,
5.599597e-02,
-4.343132e-01,
-2.791750e-01,
5.856476e-01,
1.592368e+00,
1.995062e+00,
1.476404e+00,
4.078426e-01,
-4.511350e-01,
-5.672583e-01,
-5.599597e-02,
4.343132e-01,
2.791750e-01,
-5.856476e-01,
-1.592368e+00,
-1.995062e+00
