1.220264e-08,
4.294430e-08,
6.133028e-08,
2.714799e-08,
-7.591685e-08,
-2.179161e-07,
-3.299036e-07,
-3.426123e-07,
-2.375306e-07,
-7.892053e-08,
-7.671009e-20,
-1.383939e-07,
-5.453991e-07,
-1.115257e-06,
-1.581007e-06,
-1.598412e-06,
-8.975306e-07,
5.584284e-07,
2.484450e-06,
4.314405e-06,
5.379420e-06,
5.168349e-06,
3.566483e-06,
9.611956e-07,
-1.853464e-06,
-3.960244e-06,
-4.690363e-06,
-3.929981e-06,
-2.216561e-06,
-5.550736e-07,
-1.238460e-18,
-1.159505e-06,
-3.833118e-06,
-6.962722e-06,
-8.962144e-06,
-8.333604e-06,
-4.343237e-06,
2.525850e-06,
1.056374e-05,
1.732618e-05,
2.048434e-05,
1.872256e-05,
1.232343e-05,
3.174305e-06,
-5.857134e-06,
-1.197546e-05,
-1.354283e-05,
-1.075640e-05,
-5.610635e-06,
-1.109333e-06,
2.313675e-18,
-3.523340e-06,
-1.070361e-05,
-1.852400e-05,
-2.299268e-05,
-2.073740e-05,
-1.051857e-05,
5.966885e-06,
2.438063e-05,
3.911281e-05,
4.526741e-05,
4.052325e-05,
2.612966e-05,
6.592044e-06,
-1.190304e-05,
-2.376905e-05,
-2.613982e-05,
-1.997962e-05,
-9.693266e-06,
-1.323773e-06,
-2.430727e-17,
-7.636650e-06,
-2.184403e-05,
-3.657078e-05,
-4.433214e-05,
-3.922565e-05,
-1.956808e-05,
1.093404e-05,
4.404969e-05,
6.971821e-05,
7.963093e-05,
7.035456e-05,
4.476133e-05,
1.113467e-05,
-1.979778e-05,
-3.882749e-05,
-4.171256e-05,
-3.074034e-05,
-1.372844e-05,
-7.777545e-07,
-1.190040e-17,
-1.390351e-05,
-3.793208e-05,
-6.185779e-05,
-7.361893e-05,
-6.419527e-05,
-3.162688e-05,
1.747455e-05,
6.966440e-05,
1.091530e-04,
1.234394e-04,
1.079674e-04,
6.797351e-05,
1.671717e-05,
-2.933848e-05,
-5.661829e-05,
-5.947107e-05,
-4.216217e-05,
-1.697055e-05,
9.521586e-07,
2.356291e-17,
-2.272548e-05,
-5.963637e-05,
-9.512330e-05,
-1.114708e-04,
-9.602472e-05,
-4.682081e-05,
2.563048e-05,
1.012975e-04,
1.573952e-04,
1.765201e-04,
1.530797e-04,
9.550037e-05,
2.324932e-05,
-4.031289e-05,
-7.659013e-05,
-7.860417e-05,
-5.335155e-05,
-1.866420e-05,
4.292341e-06,
-9.994503e-18,
-3.450184e-05,
-8.761689e-05,
-1.370898e-04,
-1.584857e-04,
-1.350745e-04,
-6.526671e-05,
3.543886e-05,
1.390013e-04,
2.143906e-04,
2.386638e-04,
2.053774e-04,
1.270555e-04,
3.063573e-05,
-5.249945e-05,
-9.817289e-05,
-9.827940e-05,
-6.339748e-05,
-1.804393e-05,
9.672352e-06,
-3.637877e-18,
-4.962996e-05,
-1.225258e-04,
-1.884649e-04,
-2.152425e-04,
-1.816880e-04,
-8.707273e-05,
4.693182e-05,
1.828085e-04,
2.800538e-04,
3.096254e-04,
2.645146e-04,
1.623321e-04,
3.877591e-05,
-6.566733e-05,
-1.207777e-04,
-1.176428e-04,
-7.137117e-05,
-1.433368e-05,
1.752532e-05,
1.906532e-17,
-6.850579e-05,
-1.650083e-04,
-2.499428e-04,
-2.823026e-04,
-2.361923e-04,
-1.123388e-04,
6.013686e-05,
2.327329e-04,
3.542693e-04,
3.891253e-04,
3.301143e-04,
2.010037e-04,
4.756430e-05,
-7.957645e-05,
-1.437965e-04,
-1.358186e-04,
-7.632525e-05,
-6.745986e-06,
2.828845e-05,
-3.865532e-17,
-9.152462e-05,
-2.157042e-04,
-3.222061e-04,
-3.602116e-04,
-2.988999e-04,
-1.411571e-04,
7.507704e-05,
2.887701e-04,
4.368924e-04,
4.768498e-04,
4.017694e-04,
2.427238e-04,
5.689034e-05,
-9.397749e-05,
-1.666024e-04,
-1.519081e-04,
-7.729276e-05,
5.519052e-06,
4.240380e-05,
1.703538e-17,
-1.190820e-04,
-2.752496e-04,
-4.059276e-04,
-4.495013e-04,
-3.701097e-04,
-1.736130e-04,
9.177135e-05,
3.508989e-04,
5.277508e-04,
5.724533e-04,
4.790435e-04,
2.871270e-04,
6.663847e-05,
-1.086117e-04,
-1.885485e-04,
-1.649892e-04,
-7.328568e-05,
2.327532e-05,
6.031923e-05,
-1.075014e-16,
-1.515747e-04,
-3.442791e-04,
-5.017737e-04,
-5.506927e-04,
-4.501095e-04,
-2.097852e-04,
1.102351e-04,
4.190819e-04,
6.266461e-04,
6.755587e-04,
5.614713e-04,
3.338284e-04,
7.668810e-05,
-1.232110e-04,
-2.089673e-04,
-1.741146e-04,
-6.329293e-05,
4.735263e-05,
8.248968e-05,
-4.185696e-16,
-1.894028e-04,
-4.234284e-04,
-6.104074e-04,
-6.642990e-04,
-5.391779e-04,
-2.497477e-04,
1.304801e-04,
4.932679e-04,
7.333556e-04,
7.857595e-04,
6.485599e-04,
3.824246e-04,
8.691362e-05,
-1.374971e-04,
-2.271699e-04,
-1.783095e-04,
-4.627771e-05,
7.859931e-05,
1.093788e-04,
7.715496e-17,
-2.329708e-04,
-5.133382e-04,
-7.324928e-04,
-7.908298e-04,
-6.375877e-04,
-2.935700e-04,
1.525159e-04,
5.733926e-04,
8.476343e-04,
9.026214e-04,
7.397893e-04,
4.324932e-04,
9.718424e-05,
-1.511818e-04,
-2.424442e-04,
-1.765696e-04,
-2.117406e-05,
1.178854e-04,
1.414611e-04,
-1.035370e-16,
-2.826906e-04,
-6.146583e-04,
-8.687004e-04,
-9.307960e-04,
-7.456089e-04,
-3.413190e-04,
1.763493e-04,
6.593812e-04,
9.692171e-04,
1.025683e-03,
8.346132e-04,
4.835930e-04,
1.073639e-04,
-1.639660e-04,
-2.540531e-04,
-1.678568e-04,
1.311751e-05,
1.661071e-04,
1.792242e-04,
9.869231e-17,
-3.389841e-04,
-7.280526e-04,
-1.019713e-03,
-1.084716e-03,
-8.635128e-04,
-3.930606e-04,
2.019862e-04,
7.511504e-04,
1.097821e-03,
1.154461e-03,
9.324598e-04,
5.352636e-04,
1.173109e-04,
-1.755388e-04,
-2.612316e-04,
-1.510955e-04,
5.773560e-05,
2.241913e-04,
2.231724e-04,
-6.858317e-17,
-4.022868e-04,
-8.542057e-04,
-1.186234e-03,
-1.253121e-03,
-9.915773e-04,
-4.488614e-04,
2.294316e-04,
8.486107e-04,
1.233150e-03,
1.288445e-03,
1.032732e-03,
5.870254e-04,
1.268777e-04,
-1.855765e-04,
-2.631836e-04,
-1.251660e-04,
1.138649e-04,
2.931027e-04,
2.738306e-04,
1.582164e-17,
-4.730518e-04,
-9.938305e-04,
-1.368995e-03,
-1.436567e-03,
-1.130092e-03,
-5.087913e-04,
2.586910e-04,
9.516698e-04,
1.374894e-03,
1.427109e-03,
1.134809e-03,
6.383781e-04,
1.359104e-04,
-1.937415e-04,
-2.590776e-04,
-8.889827e-05,
1.827449e-04,
3.738517e-04,
3.317488e-04,
-1.596616e-17,
-5.517558e-04,
-1.147678e-03,
-1.568771e-03,
-1.635640e-03,
-1.279367e-03,
-5.729256e-04,
2.897715e-04,
1.060235e-03,
1.522737e-03,
1.569905e-03,
1.238043e-03,
6.888002e-04,
1.442482e-04,
-1.996800e-04,
-2.480409e-04,
-4.106209e-05,
2.656807e-04,
4.675037e-04,
3.975085e-04,
2.516758e-17,
-6.389045e-04,
-1.316547e-03,
-1.786388e-03,
-1.850975e-03,
-1.439737e-03,
-6.413491e-04,
3.226829e-04,
1.174220e-03,
1.676358e-03,
1.716270e-03,
1.341763e-03,
7.377470e-04,
1.517224e-04,
-2.030197e-04,
-2.291530e-04,
1.964374e-05,
3.640566e-04,
5.751921e-04,
4.717298e-04,
-1.709661e-16,
-7.350415e-04,
-1.501301e-03,
-2.022745e-03,
-2.083264e-03,
-1.611578e-03,
-7.141590e-04,
3.574398e-04,
1.293544e-03,
1.835436e-03,
1.865628e-03,
1.445273e-03,
7.846486e-04,
1.581554e-04,
-2.033671e-04,
-2.014366e-04,
9.460573e-05,
4.793528e-04,
6.981329e-04,
5.550804e-04,
3.472051e-16,
-8.407569e-04,
-1.702882e-03,
-2.278828e-03,
-2.333276e-03,
-1.795312e-03,
-7.914702e-04,
3.940628e-04,
1.418144e-03,
1.999658e-03,
2.017389e-03,
1.547849e-03,
8.289068e-04,
1.633596e-04,
-2.003036e-04,
-1.638466e-04,
1.853132e-04,
6.131660e-04,
8.376437e-04,
6.482873e-04,
1.585506e-16,
-9.566997e-04,
-1.922334e-03,
-2.555742e-03,
-2.601884e-03,
-1.991427e-03,
-8.734203e-04,
4.325816e-04,
1.547973e-03,
2.168720e-03,
2.170955e-03,
1.648738e-03,
8.698909e-04,
1.671351e-04,
-1.933804e-04,
-1.152564e-04,
2.933805e-04,
7.672358e-04,
9.951667e-04,
7.521501e-04,
4.293176e-17,
-1.083592e-03,
-2.160825e-03,
-2.854733e-03,
-2.890083e-03,
-2.200493e-03,
-9.601767e-04,
4.730370e-04,
1.683018e-03,
2.342339e-03,
2.325721e-03,
1.747155e-03,
9.069328e-04,
1.692680e-04,
-1.821128e-04,
-5.444025e-05,
4.205744e-04,
9.434766e-04,
1.172298e-03,
8.675585e-04,
-1.216731e-16,
-1.222248e-03,
-2.419682e-03,
-3.177231e-03,
-3.199030e-03,
-2.423184e-03,
-1.051945e-03,
5.154849e-04,
1.823298e-03,
2.520257e-03,
2.481077e-03,
1.842281e-03,
9.393200e-04,
1.695270e-04,
-1.659722e-04,
1.994862e-05,
5.688492e-04,
1.144019e-03,
1.370825e-03,
9.955143e-04,
1.548248e-16,
-1.373594e-03,
-2.700430e-03,
-3.524890e-03,
-3.530081e-03,
-2.660305e-03,
-1.148978e-03,
5.599997e-04,
1.968883e-03,
2.702253e-03,
2.636409e-03,
1.933254e-03,
9.662869e-04,
1.676602e-04,
-1.443763e-04,
1.094062e-04,
7.403909e-04,
1.371261e-03,
1.592768e-03,
1.137158e-03,
-2.591186e-17,
-1.538700e-03,
-3.004837e-03,
-3.899651e-03,
-3.884845e-03,
-2.912828e-03,
-1.251590e-03,
6.066802e-04,
2.119906e-03,
2.888156e-03,
2.791107e-03,
2.019162e-03,
9.870028e-04,
1.633897e-04,
-1.166763e-04,
2.156134e-04,
9.376734e-04,
1.627934e-03,
1.840447e-03,
1.293804e-03,
-6.839551e-16,
-1.718813e-03,
-3.334982e-03,
-4.303815e-03,
-4.265248e-03,
-3.181930e-03,
-1.360172e-03,
6.556556e-04,
2.276576e-03,
3.077854e-03,
2.944558e-03,
2.099036e-03,
1.000557e-03,
1.564061e-04,
-8.214067e-05,
3.404822e-04,
1.163531e-03,
1.917186e-03,
2.116547e-03,
1.466985e-03,
9.591213e-17,
-1.915405e-03,
-3.693335e-03,
-4.740128e-03,
-4.673614e-03,
-3.469056e-03,
-1.475213e-03,
7.070934e-04,
2.439206e-03,
3.271320e-03,
3.096160e-03,
2.171831e-03,
1.005938e-03,
1.463597e-04,
-3.993376e-05,
4.862156e-04,
1.421252e-03,
2.242692e-03,
2.424223e-03,
1.658510e-03,
8.449454e-16,
-2.130228e-03,
-4.082856e-03,
-5.211914e-03,
-5.112775e-03,
-3.775980e-03,
-1.597322e-03,
7.612106e-04,
2.608237e-03,
3.468626e-03,
3.245314e-03,
2.236410e-03,
1.002010e-03,
1.328501e-04,
1.091204e-05,
6.553857e-04,
1.714701e-03,
2.608798e-03,
2.767221e-03,
1.870537e-03,
6.529102e-16,
-2.365400e-03,
-4.507134e-03,
-5.723220e-03,
-5.586207e-03,
-4.104907e-03,
-1.727270e-03,
8.182867e-04,
2.784273e-03,
3.669978e-03,
3.391431e-03,
2.291519e-03,
9.874719e-04,
1.154124e-04,
7.153341e-05,
8.510378e-04,
2.048483e-03,
3.020707e-03,
3.150052e-03,
2.105677e-03,
1.645614e-16,
-2.623498e-03,
-4.970564e-03,
-6.279033e-03,
-6.098222e-03,
-4.458589e-03,
-1.866027e-03,
8.786821e-04,
2.968130e-03,
3.875753e-03,
3.533936e-03,
2.335750e-03,
9.608165e-04,
9.349739e-05,
1.432857e-04,
1.076830e-03,
2.428161e-03,
3.484734e-03,
3.578212e-03,
2.367123e-03,
-3.248702e-16,
-2.907703e-03,
-5.478590e-03,
-6.885557e-03,
-6.654209e-03,
-4.840490e-03,
-2.014829e-03,
9.428620e-04,
3.160901e-03,
4.086546e-03,
3.672268e-03,
2.367493e-03,
9.202610e-04,
6.644628e-05,
2.278108e-04,
1.337222e-03,
2.860552e-03,
4.008654e-03,
4.058492e-03,
2.658835e-03,
-2.084253e-16,
-3.221985e-03,
-6.038033e-03,
-7.550594e-03,
-7.260977e-03,
-5.255016e-03,
-2.175259e-03,
1.011430e-03,
3.364038e-03,
4.303242e-03,
3.805880e-03,
2.384871e-03,
8.636588e-04,
3.345448e-05,
3.271302e-04,
1.637737e-03,
3.354138e-03,
4.602175e-03,
4.599403e-03,
2.985791e-03,
1.981100e-16,
-3.571365e-03,
-6.657546e-03,
-8.284075e-03,
-7.927232e-03,
-5.707821e-03,
-2.349359e-03,
1.085175e-03,
3.579477e-03,
4.527109e-03,
3.934246e-03,
2.385646e-03,
7.883730e-04,
-6.478791e-06,
4.437773e-04,
1.985334e-03,
3.919645e-03,
5.277618e-03,
5.211777e-03,
3.354344e-03,
-2.058669e-16,
-3.962287e-03,
-7.348259e-03,
-9.098815e-03,
-8.664238e-03,
-6.206253e-03,
-2.539802e-03,
1.165132e-03,
3.809806e-03,
4.759935e-03,
4.056859e-03,
2.367081e-03,
6.910948e-04,
-5.462298e-05,
5.809860e-04,
2.388935e-03,
4.570876e-03,
6.050881e-03,
5.909628e-03,
3.772735e-03,
1.836947e-16,
-4.403146e-03,
-8.124717e-03,
-1.001160e-02,
-9.486795e-03,
-6.759999e-03,
-2.750122e-03,
1.252686e-03,
4.058514e-03,
5.004220e-03,
4.173237e-03,
2.325741e-03,
5.675772e-04,
-1.126226e-04,
7.429683e-04,
2.860205e-03,
5.325937e-03,
6.942878e-03,
6.711436e-03,
4.251852e-03,
-3.662155e-17,
-4.905083e-03,
-9.006259e-03,
-1.104480e-02,
-1.041468e-02,
-7.382043e-03,
-2.985078e-03,
1.349705e-03,
4.330363e-03,
5.263468e-03,
4.282921e-03,
2.257193e-03,
4.122335e-04,
-1.826577e-04,
9.353344e-04,
3.414736e-03,
6.209088e-03,
7.981697e-03,
7.642075e-03,
4.806386e-03,
-5.197981e-17,
-5.483191e-03,
-1.001914e-02,
-1.222886e-02,
-1.147486e-02,
-8.090130e-03,
-3.251190e-03,
1.458763e-03,
4.631958e-03,
5.542640e-03,
4.385477e-03,
2.155542e-03,
2.175148e-04,
-2.676930e-04,
1.165744e-03,
4.073879e-03,
7.253643e-03,
9.205996e-03,
8.735852e-03,
5.456635e-03,
3.834767e-16,
-6.158410e-03,
-1.119985e-02,
-1.360617e-02,
-1.270497e-02,
-8.909096e-03,
-3.557612e-03,
1.583487e-03,
4.972657e-03,
5.848863e-03,
4.480502e-03,
2.012677e-03,
-2.709022e-05,
-3.718789e-04,
1.444959e-03,
4.867717e-03,
8.506651e-03,
1.067049e-02,
1.004143e-02,
6.231457e-03,
7.234329e-17,
-6.960624e-03,
-1.260058e-02,
-1.523749e-02,
-1.415910e-02,
-9.874703e-03,
-3.917560e-03,
1.729126e-03,
5.366077e-03,
6.192624e-03,
4.567622e-03,
1.817026e-03,
-3.367313e-04,
-5.012251e-04,
1.788613e-03,
5.840070e-03,
1.003681e-02,
1.245528e-02,
1.163020e-02,
7.173274e-03,
-3.540291e-16,
-7.933968e-03,
-1.429860e-02,
-1.721298e-02,
-1.591765e-02,
-1.104026e-02,
-4.350785e-03,
1.903556e-03,
5.832717e-03,
6.589841e-03,
4.646492e-03,
1.551355e-03,
-7.341447e-04,
-6.647878e-04,
2.220339e-03,
7.057371e-03,
1.194856e-02,
1.468242e-02,
1.361125e-02,
8.347074e-03,
-1.850801e-16,
-9.146390e-03,
-1.641315e-02,
-1.967214e-02,
-1.810540e-02,
-1.248871e-02,
-4.888113e-03,
2.119103e-03,
6.404800e-03,
7.065699e-03,
4.716801e-03,
1.188681e-03,
-1.255166e-03,
-8.768984e-04,
2.777665e-03,
8.625441e-03,
1.440877e-02,
1.754754e-02,
1.615990e-02,
9.857638e-03,
-3.901331e-17,
-1.070813e-02,
-1.913829e-02,
-2.284273e-02,
-2.092670e-02,
-1.435636e-02,
-5.580373e-03,
2.396169e-03,
7.135869e-03,
7.662290e-03,
4.778273e-03,
6.840437e-04,
-1.959851e-03,
-1.161677e-03,
3.523999e-03,
1.072376e-02,
1.770153e-02,
2.138494e-02,
1.957698e-02,
1.188541e-02,
-1.931381e-16,
-1.281049e-02,
-2.281218e-02,
-2.712324e-02,
-2.474059e-02,
-1.688370e-02,
-6.517627e-03,
2.771061e-03,
8.121673e-03,
8.455327e-03,
4.830665e-03,
-4.367350e-05,
-2.957207e-03,
-1.563130e-03,
4.575599e-03,
1.368305e-02,
2.235290e-02,
2.681679e-02,
2.442510e-02,
1.476965e-02,
-1.347086e-16,
-1.581702e-02,
-2.808082e-02,
-3.327911e-02,
-3.024060e-02,
-2.053792e-02,
-7.875867e-03,
3.315160e-03,
9.551625e-03,
9.595617e-03,
4.873771e-03,
-1.157563e-03,
-4.467993e-03,
-2.170984e-03,
6.171135e-03,
1.818691e-02,
2.945793e-02,
3.514745e-02,
3.189245e-02,
1.923212e-02,
1.564121e-16,
-2.051300e-02,
-3.635078e-02,
-4.299047e-02,
-3.896155e-02,
-2.636170e-02,
-1.005128e-02,
4.190578e-03,
1.185984e-02,
1.143212e-02,
4.907420e-03,
-3.041685e-03,
-7.017416e-03,
-3.200910e-03,
8.890292e-03,
2.591353e-02,
4.173444e-02,
4.965073e-02,
4.499574e-02,
2.712715e-02,
-1.420387e-17,
-2.896628e-02,
-5.137370e-02,
-6.079819e-02,
-5.510854e-02,
-3.725207e-02,
-1.416064e-02,
5.861154e-03,
1.630772e-02,
1.499517e-02,
4.931480e-03,
-6.867741e-03,
-1.223639e-02,
-5.334924e-03,
1.460108e-02,
4.237742e-02,
6.829590e-02,
8.153797e-02,
7.429447e-02,
4.509506e-02,
-1.239468e-16,
-4.894985e-02,
-8.762158e-02,
-1.046993e-01,
-9.582694e-02,
-6.537768e-02,
-2.504386e-02,
1.040430e-02,
2.874427e-02,
2.524099e-02,
4.945856e-03,
-1.874073e-02,
-2.900442e-02,
-1.246464e-02,
3.451188e-02,
1.025049e-01,
1.703348e-01,
2.110161e-01,
2.007475e-01,
1.280711e-01,
3.516756e-17,
-1.573324e-01,
-3.042912e-01,
-3.983779e-01,
-4.068741e-01,
-3.176112e-01,
-1.443413e-01,
7.529653e-02,
2.889848e-01,
4.436366e-01,
4.999997e-01,
4.436345e-01,
2.889819e-01,
7.529542e-02,
-1.443385e-01,
-3.176034e-01,
-4.068620e-01,
-3.983642e-01,
-3.042792e-01,
-1.573254e-01,
3.516582e-17,
1.280642e-01,
2.007356e-01,
2.110026e-01,
1.703231e-01,
1.024974e-01,
3.450916e-02,
-1.246359e-02,
-2.900184e-02,
-1.873898e-02,
4.945369e-03,
2.523838e-02,
2.874115e-02,
1.040312e-02,
-2.504089e-02,
-6.536962e-02,
-9.581465e-02,
-1.046854e-01,
-8.760948e-02,
-4.894285e-02,
-1.239285e-16,
4.508816e-02,
7.428274e-02,
8.152469e-02,
6.828444e-02,
4.237010e-02,
1.459848e-02,
-5.333950e-03,
-1.223409e-02,
-6.866419e-03,
4.930507e-03,
1.499214e-02,
1.630434e-02,
5.859910e-03,
-1.415757e-02,
-3.724379e-02,
-5.509602e-02,
-6.078408e-02,
-5.136152e-02,
-2.895927e-02,
-1.420036e-17,
2.712032e-02,
4.498418e-02,
4.963773e-02,
4.172331e-02,
2.590649e-02,
8.887832e-03,
-3.200008e-03,
-7.015404e-03,
-3.040798e-03,
4.905964e-03,
1.142867e-02,
1.185621e-02,
4.189272e-03,
-1.004809e-02,
-2.635323e-02,
-3.894883e-02,
-4.297622e-02,
-3.633855e-02,
-2.050599e-02,
1.563579e-16,
1.922536e-02,
3.188108e-02,
3.513475e-02,
2.944714e-02,
1.818016e-02,
6.168812e-03,
-2.170156e-03,
-4.466267e-03,
-1.157110e-03,
4.871839e-03,
9.591766e-03,
9.547743e-03,
3.313796e-03,
-7.872587e-03,
-2.052926e-02,
-3.022770e-02,
-3.326475e-02,
-2.806856e-02,
-1.581004e-02,
-1.346485e-16,
1.476298e-02,
2.441395e-02,
2.680441e-02,
2.234246e-02,
1.367660e-02,
4.573418e-03,
-1.562376e-03,
-2.955768e-03,
-4.365201e-05,
4.828265e-03,
8.451083e-03,
8.117555e-03,
2.769642e-03,
-6.514256e-03,
-1.687488e-02,
-2.472755e-02,
-2.710880e-02,
-2.279992e-02,
-1.280354e-02,
-1.930324e-16,
1.187884e-02,
1.956606e-02,
2.137291e-02,
1.769148e-02,
1.071762e-02,
3.521961e-03,
-1.160999e-03,
-1.958698e-03,
6.836378e-04,
4.775413e-03,
7.657665e-03,
7.131525e-03,
2.394698e-03,
-5.576919e-03,
-1.434740e-02,
-2.091354e-02,
-2.282824e-02,
-1.912605e-02,
-1.070122e-02,
-3.898796e-17,
9.851182e-03,
1.614924e-02,
1.753587e-02,
1.439911e-02,
8.619615e-03,
2.775775e-03,
-8.762971e-04,
-1.254299e-03,
1.187853e-03,
4.713493e-03,
7.060708e-03,
6.400242e-03,
2.117584e-03,
-4.884584e-03,
-1.247962e-02,
-1.809214e-02,
-1.965763e-02,
-1.640096e-02,
-9.139548e-03,
-1.849407e-16,
8.340743e-03,
1.360085e-02,
1.467114e-02,
1.193931e-02,
7.051871e-03,
2.218597e-03,
-6.642628e-04,
-7.335611e-04,
1.550114e-03,
4.642749e-03,
6.584499e-03,
5.827958e-03,
1.901993e-03,
-4.347189e-03,
-1.103107e-02,
-1.590433e-02,
-1.719848e-02,
-1.428648e-02,
-7.927201e-03,
-3.537253e-16,
7.167080e-03,
1.162010e-02,
1.244440e-02,
1.002799e-02,
5.834903e-03,
1.787021e-03,
-5.007763e-04,
-3.364280e-04,
1.815380e-03,
4.563459e-03,
6.186947e-03,
5.361129e-03,
1.727523e-03,
-3.913906e-03,
-9.865439e-03,
-1.414574e-02,
-1.522303e-02,
-1.258856e-02,
-6.953945e-03,
7.227348e-17,
6.225410e-03,
1.003163e-02,
1.066002e-02,
8.498258e-03,
4.862888e-03,
1.443518e-03,
-3.715060e-04,
-2.706290e-05,
2.010637e-03,
4.475936e-03,
5.842870e-03,
4.967535e-03,
1.581847e-03,
-3.553909e-03,
-8.899773e-03,
-1.269161e-02,
-1.359178e-02,
-1.118794e-02,
-6.151830e-03,
3.830649e-16,
5.450745e-03,
8.726374e-03,
9.195957e-03,
7.245693e-03,
4.069391e-03,
1.164454e-03,
-2.673951e-04,
2.172716e-04,
2.153120e-03,
4.380525e-03,
5.536350e-03,
4.626676e-03,
1.457092e-03,
-3.247446e-03,
-8.080768e-03,
-1.146152e-02,
-1.221457e-02,
-1.000737e-02,
-5.476724e-03,
-5.191820e-17,
4.800662e-03,
7.632931e-03,
7.972102e-03,
6.201589e-03,
3.410592e-03,
9.341942e-04,
-1.824340e-04,
4.117262e-04,
2.254403e-03,
4.277602e-03,
5.256902e-03,
4.324936e-03,
1.348006e-03,
-2.981303e-03,
-7.372665e-03,
-1.040139e-02,
-1.103065e-02,
-8.994662e-03,
-4.898739e-03,
-3.657397e-17,
4.246304e-03,
6.702639e-03,
6.933738e-03,
5.318895e-03,
2.856407e-03,
7.419773e-04,
-1.124717e-04,
5.668135e-04,
2.322598e-03,
4.167574e-03,
4.997399e-03,
4.052958e-03,
1.250964e-03,
-2.746326e-03,
-6.750627e-03,
-9.473586e-03,
-9.997602e-03,
-8.113309e-03,
-4.396937e-03,
1.834346e-16,
3.767370e-03,
5.901190e-03,
6.042206e-03,
4.564295e-03,
2.385481e-03,
5.801425e-04,
-5.454336e-05,
6.900833e-04,
2.363602e-03,
4.050873e-03,
4.752882e-03,
3.804138e-03,
1.163392e-03,
-2.535993e-03,
-6.196907e-03,
-8.651139e-03,
-9.085004e-03,
-7.337060e-03,
-3.956224e-03,
-2.055507e-16,
3.349170e-03,
5.203707e-03,
5.269413e-03,
3.913527e-03,
1.982224e-03,
4.430793e-04,
-6.468560e-06,
7.871231e-04,
2.381849e-03,
3.927960e-03,
4.519848e-03,
3.573713e-03,
1.083421e-03,
-2.345547e-03,
-5.698524e-03,
-7.914270e-03,
-8.270478e-03,
-6.646577e-03,
-3.565459e-03,
1.977811e-16,
2.980815e-03,
4.591709e-03,
4.594447e-03,
3.348484e-03,
1.634966e-03,
3.265747e-04,
3.339746e-05,
8.621811e-04,
2.380775e-03,
3.799320e-03,
4.295796e-03,
3.358196e-03,
1.009667e-03,
-2.171453e-03,
-5.245789e-03,
-7.248181e-03,
-7.537238e-03,
-6.027314e-03,
-3.216244e-03,
-2.080525e-16,
2.654062e-03,
4.051181e-03,
4.001406e-03,
2.855361e-03,
1.334786e-03,
2.273944e-04,
6.632440e-05,
9.185669e-04,
2.363119e-03,
3.665459e-03,
4.078942e-03,
3.154998e-03,
9.410950e-04,
-2.011040e-03,
-4.831354e-03,
-6.641604e-03,
-6.872468e-03,
-5.468139e-03,
-2.902136e-03,
-3.242461e-16,
2.362559e-03,
3.571289e-03,
3.477968e-03,
2.423430e-03,
1.074724e-03,
1.430046e-04,
9.331331e-05,
9.589182e-04,
2.331119e-03,
3.526906e-03,
3.868015e-03,
2.962184e-03,
8.769157e-04,
-1.862263e-03,
-4.449564e-03,
-6.085836e-03,
-6.266236e-03,
-4.960398e-03,
-2.618114e-03,
1.642225e-16,
2.101326e-03,
3.143521e-03,
3.014423e-03,
2.044207e-03,
8.492553e-04,
7.138306e-05,
1.151690e-04,
9.853824e-04,
2.286654e-03,
3.384206e-03,
3.662134e-03,
2.778301e-03,
8.165258e-04,
-1.723540e-03,
-4.096014e-03,
-5.574064e-03,
-5.710738e-03,
-4.497271e-03,
-2.360206e-03,
6.514719e-16,
1.866403e-03,
2.761084e-03,
2.602993e-03,
1.710873e-03,
6.539177e-04,
1.088752e-05,
1.325506e-04,
9.997429e-04,
2.231334e-03,
3.237923e-03,
3.460701e-03,
2.602258e-03,
7.594600e-04,
-1.593636e-03,
-3.767239e-03,
-5.100899e-03,
-5.199769e-03,
-4.073311e-03,
-2.125232e-03,
8.429570e-16,
1.654594e-03,
2.418480e-03,
2.237363e-03,
1.417863e-03,
4.850526e-04,
-3.983793e-05,
1.460073e-04,
1.003509e-03,
2.166568e-03,
3.088633e-03,
3.263341e-03,
2.433238e-03,
7.053577e-04,
-1.471580e-03,
-3.460485e-03,
-4.662030e-03,
-4.728341e-03,
-3.684122e-03,
-1.910611e-03,
9.567132e-17,
1.463290e-03,
2.111199e-03,
1.912325e-03,
1.160572e-03,
3.396135e-04,
-8.193043e-05,
1.560045e-04,
9.979795e-04,
2.093612e-03,
2.936925e-03,
3.069850e-03,
2.270636e-03,
6.539395e-04,
-1.356601e-03,
-3.173549e-03,
-4.253977e-03,
-4.292405e-03,
-3.326113e-03,
-1.714228e-03,
-6.821246e-16,
1.290330e-03,
1.835490e-03,
1.623535e-03,
9.351318e-04,
2.150271e-04,
-1.163580e-04,
1.629426e-04,
9.842934e-04,
2.013602e-03,
2.783396e-03,
2.880152e-03,
2.114012e-03,
6.049883e-04,
-1.248089e-03,
-2.904653e-03,
-3.873908e-03,
-3.888638e-03,
-2.996324e-03,
-1.534327e-03,
-2.583799e-17,
1.133906e-03,
1.588199e-03,
1.367314e-03,
7.382533e-04,
1.090893e-04,
-1.439568e-04,
1.671715e-04,
9.634618e-04,
1.927584e-03,
2.628653e-03,
2.694278e-03,
1.963054e-03,
5.583365e-04,
-1.145555e-03,
-2.652355e-03,
-3.519498e-03,
-3.514289e-03,
-2.692282e-03,
-1.369437e-03,
1.543547e-16,
9.924825e-04,
1.366637e-03,
1.140513e-03,
5.671004e-04,
1.988710e-05,
-1.654588e-04,
1.690009e-04,
9.363959e-04,
1.836528e-03,
2.473304e-03,
2.512337e-03,
1.817550e-03,
5.138548e-04,
-1.048608e-03,
-2.415473e-03,
-3.188818e-03,
-3.167057e-03,
-2.411910e-03,
-1.218310e-03,
-1.212798e-16,
8.647454e-04,
1.168485e-03,
9.403980e-04,
4.191977e-04,
-5.426150e-05,
-1.815129e-04,
1.687087e-04,
9.039267e-04,
1.741346e-03,
2.317964e-03,
2.334502e-03,
1.677369e-03,
4.714443e-04,
-9.569336e-04,
-2.193037e-03,
-2.880260e-03,
-2.845000e-03,
-2.153434e-03,
-1.079874e-03,
4.278399e-17,
7.495530e-04,
9.917197e-04,
7.645699e-04,
2.923579e-04,
-1.148534e-04,
-1.927020e-04,
1.665470e-04,
8.668202e-04,
1.642900e-03,
2.163243e-03,
2.160992e-03,
1.542440e-03,
4.310303e-04,
-8.702782e-04,
-1.984240e-03,
-2.592464e-03,
-2.546460e-03,
-1.915330e-03,
-9.532030e-04,
1.579693e-16,
6.459028e-04,
8.345529e-04,
6.108963e-04,
1.846251e-04,
-1.632362e-04,
-1.995550e-04,
1.627472e-04,
8.257893e-04,
1.542009e-03,
2.009753e-03,
1.992065e-03,
1.412741e-03,
3.925569e-04,
-7.884359e-04,
-1.788407e-03,
-2.324274e-03,
-2.270008e-03,
-1.696270e-03,
-8.374816e-04,
3.458482e-16,
5.529041e-04,
6.953869e-04,
4.774613e-04,
9.423121e-05,
-2.006366e-04,
-2.025568e-04,
1.575233e-04,
7.815021e-04,
1.439459e-03,
1.858098e-03,
1.828004e-03,
1.288289e-03,
3.559830e-04,
-7.112390e-04,
-1.604967e-03,
-2.074690e-03,
-2.014393e-03,
-1.495082e-03,
-7.319868e-04,
-1.702533e-16,
4.697565e-04,
5.727782e-04,
3.625238e-04,
1.956077e-05,
-2.281818e-04,
-2.021564e-04,
1.510751e-04,
7.345894e-04,
1.336002e-03,
1.708876e-03,
1.669112e-03,
1.169128e-03,
3.212789e-04,
-6.385493e-04,
-1.433431e-03,
-1.842841e-03,
-1.778512e-03,
-1.310723e-03,
-6.360687e-04,
2.505550e-17,
3.957324e-04,
4.654078e-04,
2.644857e-04,
-4.087677e-05,
-2.469177e-04,
-1.987727e-04,
1.435906e-04,
6.856496e-04,
1.232361e-03,
1.562675e-03,
1.515701e-03,
1.055320e-03,
2.884235e-04,
-5.702515e-04,
-1.273375e-03,
-1.627954e-03,
-1.561374e-03,
-1.142248e-03,
-5.491363e-04,
-1.589010e-17,
3.301631e-04,
3.720585e-04,
1.818654e-04,
-8.846895e-05,
-2.578221e-04,
-1.927994e-04,
1.352472e-04,
6.352524e-04,
1.129233e-03,
1.420073e-03,
1.368092e-03,
9.469452e-04,
2.574023e-04,
-5.062478e-04,
-1.124423e-03,
-1.429335e-03,
-1.362080e-03,
-9.887923e-04,
-4.706453e-04,
1.574087e-17,
2.724277e-04,
2.915959e-04,
1.132774e-04,
-1.245180e-04,
-2.618161e-04,
-1.846089e-04,
1.262137e-04,
5.839426e-04,
1.027289e-03,
1.281630e-03,
1.226604e-03,
8.440900e-04,
2.282050e-04,
-4.464530e-04,
-9.862378e-04,
-1.246349e-03,
-1.179800e-03,
-8.495557e-04,
-4.000889e-04,
-6.820711e-17,
2.219443e-04,
2.229530e-04,
5.741554e-05,
-1.502548e-04,
-2.597728e-04,
-1.745549e-04,
1.166509e-04,
5.322414e-04,
9.271754e-04,
1.147894e-03,
1.091554e-03,
7.468458e-04,
2.008244e-04,
-3.907913e-04,
-8.585086e-04,
-1.078406e-03,
-1.013759e-03,
-7.237856e-04,
-3.369899e-04,
9.810951e-17,
1.781618e-04,
1.651187e-04,
1.303916e-05,
-1.668504e-04,
-2.525240e-04,
-1.629754e-04,
1.067127e-04,
4.806487e-04,
8.295123e-04,
1.019391e-03,
9.632475e-04,
6.553042e-04,
1.752547e-04,
-3.391921e-04,
-7.409445e-04,
-9.249503e-04,
-8.632232e-04,
-6.107676e-04,
-2.808941e-04,
-1.028764e-16,
1.405549e-04,
1.171273e-04,
-2.103734e-05,
-1.754250e-04,
-2.408663e-04,
-1.501939e-04,
9.654663e-05,
4.296442e-04,
7.348962e-04,
8.966271e-04,
8.419822e-04,
5.695536e-04,
1.514906e-04,
-2.915883e-04,
-6.332661e-04,
-7.854475e-04,
-7.274869e-04,
-5.098155e-04,
-2.313654e-04,
7.662107e-17,
1.086188e-04,
7.805086e-05,
-4.595343e-05,
-1.770548e-04,
-2.255646e-04,
-1.365213e-04,
8.629423e-05,
3.796876e-04,
6.438983e-04,
7.800876e-04,
7.280391e-04,
4.896765e-04,
1.295260e-04,
-2.479135e-04,
-5.352009e-04,
-6.593777e-04,
-6.058656e-04,
-4.202639e-04,
-1.879811e-04,
-4.154138e-16,
8.186499e-05,
4.699243e-05,
-6.280933e-05,
-1.727783e-04,
-2.073563e-04,
-1.222568e-04,
7.609154e-05,
3.312198e-04,
5.570638e-04,
6.702314e-04,
6.216819e-04,
4.157467e-04,
1.093537e-04,
-2.081002e-04,
-4.464774e-04,
-5.462283e-04,
-4.976869e-04,
-3.414618e-04,
-1.503285e-04,
-1.066134e-16,
5.981861e-05,
2.308123e-05,
-7.267163e-05,
-1.636002e-04,
-1.869534e-04,
-1.076885e-04,
6.606927e-05,
2.846626e-04,
4.749118e-04,
5.674917e-04,
5.231541e-04,
3.478275e-04,
9.096410e-05,
-1.720782e-04,
-3.668216e-04,
-4.454878e-04,
-4.022850e-04,
-2.727671e-04,
-1.180025e-04,
1.688017e-17,
4.201548e-05,
5.468252e-06,
-7.657764e-05,
-1.504954e-04,
-1.650450e-04,
-9.309437e-05,
5.635293e-05,
2.404189e-04,
3.979340e-04,
4.722735e-04,
4.326771e-04,
2.859691e-04,
7.434488e-05,
-1.397731e-04,
-2.959534e-04,
-3.566412e-04,
-3.189950e-04,
-2.135427e-04,
-9.060240e-05,
-3.826366e-17,
2.800023e-05,
-6.676869e-06,
-7.553884e-05,
-1.344113e-04,
-1.422981e-04,
-7.874250e-05,
4.706297e-05,
1.988729e-04,
3.265945e-04,
3.849522e-04,
3.504478e-04,
2.302077e-04,
5.948050e-05,
-1.111054e-04,
-2.335837e-04,
-2.791659e-04,
-2.471490e-04,
-1.631527e-04,
-6.773070e-05,
1.884829e-17,
1.732459e-05,
-1.416849e-05,
-7.054355e-05,
-1.162701e-04,
-1.193595e-04,
-6.489139e-05,
3.831481e-05,
1.603895e-04,
2.613287e-04,
3.058721e-04,
2.766369e-04,
1.805635e-04,
4.635167e-05,
-8.598926e-05,
-1.794121e-04,
-2.125283e-04,
-1.860724e-04,
-1.209598e-04,
-4.899132e-05,
-3.590744e-18,
9.546171e-06,
-1.780690e-05,
-6.255887e-05,
-9.697024e-05,
-9.685590e-05,
-5.179015e-05,
3.021886e-05,
1.253141e-04,
2.025422e-04,
2.353450e-04,
2.113874e-04,
1.370397e-04,
3.493503e-05,
-6.433186e-05,
-1.331252e-04,
-1.561811e-04,
-1.350810e-04,
-8.632315e-05,
-3.398843e-05,
-9.844614e-18,
4.227461e-06,
-1.837984e-05,
-5.253222e-05,
-7.738731e-05,
-7.539482e-05,
-3.967860e-05,
2.288050e-05,
9.397279e-05,
1.506106e-04,
1.736489e-04,
1.548134e-04,
9.962158e-05,
2.520278e-05,
-4.603271e-05,
-9.439421e-05,
-1.095613e-04,
-9.347926e-05,
-5.859639e-05,
-2.232558e-05,
2.314447e-17,
9.350939e-07,
-1.666356e-05,
-4.139233e-05,
-5.837489e-05,
-5.556471e-05,
-2.878726e-05,
1.640003e-05,
6.667130e-05,
1.058784e-04,
1.210272e-04,
1.069984e-04,
6.827522e-05,
1.712249e-05,
-3.098306e-05,
-6.287472e-05,
-7.208842e-05,
-6.055799e-05,
-3.712638e-05,
-1.360495e-05,
-1.164202e-17,
-7.606791e-07,
-1.342362e-05,
-3.005000e-05,
-4.076496e-05,
-3.793511e-05,
-1.933738e-05,
1.087263e-05,
4.369517e-05,
6.865826e-05,
7.768716e-05,
6.799504e-05,
4.294711e-05,
1.065683e-05,
-1.906552e-05,
-3.820493e-05,
-4.316312e-05,
-3.559336e-05,
-2.125220e-05,
-7.426867e-06,
-2.363012e-17,
-1.286369e-06,
-9.415399e-06,
-1.939846e-05,
-2.536812e-05,
-2.305672e-05,
-1.154084e-05,
6.388319e-06,
2.530933e-05,
3.923056e-05,
4.379976e-05,
3.782362e-05,
2.356343e-05,
5.763449e-06,
-1.015368e-05,
-2.000522e-05,
-2.216617e-05,
-1.784585e-05,
-1.030440e-05,
-3.389417e-06,
2.224017e-18,
-1.065490e-06,
-5.384395e-06,
-1.031369e-05,
-1.297366e-05,
-1.146130e-05,
-5.600119e-06,
3.031875e-06,
1.175773e-05,
1.784284e-05,
1.949859e-05,
1.647177e-05,
1.002959e-05,
2.394808e-06,
-4.111887e-06,
-7.877516e-06,
-8.457817e-06,
-6.559534e-06,
-3.604520e-06,
-1.088224e-06,
-1.159906e-18,
-5.187106e-07,
-2.066427e-06,
-3.654446e-06,
-4.349552e-06,
-3.661621e-06,
-1.708221e-06,
8.827988e-07,
3.263216e-06,
4.709344e-06,
4.879457e-06,
3.893876e-06,
2.229879e-06,
4.981187e-07,
-7.950659e-07,
-1.404890e-06,
-1.377266e-06,
-9.616459e-07,
-4.647283e-07,
-1.162915e-07,
-6.339786e-20,
-6.392663e-08,
-1.876811e-07,
-2.623158e-07,
-2.423808e-07,
-1.513320e-07,
-4.858714e-08,
1.527083e-08,
2.725802e-08,
1.073610e-08
