0.000000,
0.000000,
0.000000,
0.000000,
0.000000,
0.000000,
0.000000,
0.000000,
0.000000,
0.000000,
0.000000,
0.000000,
0.010000,
0.010000,
0.023949,
0.040751,
0.048380,
0.129155,
0.163998,
0.426664,
0.605636,
1.001229,
1.321021,
1.136105,
1.598046,
2.014794,
2.489839,
2.575375,
3.509498,
3.903165,
4.346287,
5.303506,
6.473027,
4.762083,
4.944071,
5.349355,
6.195885,
7.818138,
8.824920,
14.932131,
15.973884,
19.327034,
32.462585,
64.333380,
73.612275,
75.588470,
100.810550,
128.610475,
164.514563,
168.068038,
139.710263,
126.197650,
116.160063,
106.446138,
76.689440,
81.286520,
66.722770,
48.977720,
40.559960,
32.751125,
36.095485,
36.009488,
27.008413,
16.378606,
11.989276,
10.812636,
7.405367,
8.622799,
5.675950,
6.254862,
5.615092,
5.437524,
5.657209,
6.382378,
5.902177,
5.691740,
4.339158,
3.814875,
3.499562,
3.101538,
3.534952,
4.078821,
4.069280,
3.270878,
2.685140,
3.573412,
2.681116,
2.265204,
2.045618,
1.983948
