0.000000,
0.000000,
0.000000,
0.000000,
0.000000,
0.000000,
0.000000,
0.000000,
0.000000,
0.000000,
0.000000,
0.000000,
-0.000355,
0.045276,
0.071382,
0.111376,
0.084461,
0.083655,
-0.015204,
-0.197788,
-0.412467,
-0.578313,
-0.651837,
-0.424973,
-0.378860,
-0.228490,
-0.033649,
0.245246,
0.599929,
0.798139,
1.049376,
1.266833,
1.414486,
1.212141,
1.171778,
1.225588,
1.295983,
1.240434,
1.174981,
1.284126,
0.805640,
0.307574,
0.067425,
-1.147151,
-3.356320,
-4.065118,
-5.458056,
-6.635451,
-6.574442,
-4.932038,
-2.569559,
-0.808859,
1.367742,
2.747783,
3.255706,
4.165637,
4.008057,
3.490967,
3.326415,
2.997755,
2.855067,
2.075254,
1.549394,
1.047166,
0.732911,
0.400774,
0.299070,
0.110092,
-0.003061,
-0.141631,
-0.393686,
-0.454121,
-0.681884,
-1.057473,
-1.095888,
-1.249861,
-1.250523,
-1.216354,
-1.182902,
-1.151022,
-1.214232,
-1.236315,
-0.998778,
-0.733921,
-0.479440,
-0.211734,
-0.060157,
0.172458,
0.254014,
0.306997,
0.000000,
0.000000,
0.000000,
0.000000,
0.000000,
0.000000,
0.000000,
0.000000,
0.000000,
0.000000,
0.000000,
0.000000,
-0.001447,
-0.013768,
-0.008181,
-0.002134,
0.000641,
0.001591,
-0.011036,
0.001553,
0.001434,
-0.001713,
0.001217,
0.007256,
0.006465,
-0.016114,
0.003012,
0.006045,
-0.011517,
0.006704,
-0.000931,
-0.018699,
-0.006400,
-0.002484,
-0.003608,
0.002893,
0.000721,
0.014863,
0.004046,
0.017516,
0.003329,
-0.007336,
-0.001798,
-0.014718,
-0.019863,
0.002375,
-0.011516,
-0.017190,
0.004984,
-0.001443,
-0.009771,
0.002366,
-0.004378,
0.019676,
0.008686,
-0.004188,
0.001079,
-0.002725,
0.007880,
-0.000434,
0.008191,
0.006761,
-0.003551,
-0.007498,
-0.003884,
-0.001178,
0.002153,
0.000819,
0.000942,
-0.002764,
-0.005574,
-0.007539,
0.002957,
0.003716,
-0.001325,
0.004533,
0.004862,
-0.003098,
-0.002155,
0.000723,
0.002229,
-0.001606,
-0.001778,
0.001532,
-0.000676,
0.001114,
-0.003031,
-0.001022,
0.000922,
-0.000430,
0.000000,
0.000000,
0.000000,
0.000000,
0.000000,
0.000000,
0.000000,
0.000000,
0.000000,
0.000000,
0.000000,
0.000000,
-0.002998,
0.039868,
0.067199,
0.109263,
0.079614,
0.076568,
-0.009591,
-0.195170,
-0.386952,
-0.541625,
-0.605880,
-0.395761,
-0.339678,
-0.193389,
-0.008520,
0.261528,
0.596176,
0.782078,
1.011771,
1.221879,
1.369492,
1.146142,
1.053463,
1.075238,
1.121558,
1.090243,
1.009015,
1.077447,
0.620376,
0.123500,
-0.166821,
-1.400295,
-3.533374,
-4.130050,
-5.295577,
-6.203975,
-6.060730,
-4.318820,
-1.823329,
-0.114889,
1.961041,
3.217166,
3.600722,
4.399478,
4.196855,
3.558669,
3.242429,
2.831223,
2.640040,
1.666358,
1.036267,
0.513404,
0.187115,
-0.102995,
-0.106091,
-0.278244,
-0.344983,
-0.456677,
-0.637503,
-0.667599,
-0.804793,
-1.094713,
-1.120207,
-1.200924,
-1.091639,
-1.048440,
-1.004945,
-0.941626,
-0.990783,
-0.989832,
-0.777401,
-0.568953,
-0.373039,
-0.103439,
0.040187,
0.253126,
0.341490,
0.402195,
0.000000,
0.000000,
0.000000,
0.000000,
0.000000,
0.000000,
0.000000,
0.000000,
0.000000,
0.000000,
0.000000,
0.000000,
-0.001791,
-0.013466,
-0.007256,
-0.001863,
0.001007,
0.003408,
-0.011036,
0.002494,
0.001098,
-0.001483,
0.000475,
0.008030,
0.004901,
-0.017544,
0.002270,
0.005368,
-0.010476,
0.006868,
-0.000918,
-0.018173,
-0.006211,
-0.001276,
-0.004969,
0.002966,
0.001602,
0.014641,
0.006036,
0.017123,
0.003142,
-0.008493,
-0.002404,
-0.016888,
-0.021120,
0.003404,
-0.011832,
-0.016990,
0.004755,
-0.001279,
-0.010531,
0.003623,
-0.004466,
0.018138,
0.006977,
-0.003903,
0.001741,
-0.002522,
0.008044,
0.000739,
0.009601,
0.006984,
-0.005296,
-0.009207,
-0.003984,
-0.001457,
-0.000087,
-0.000335,
0.000263,
-0.001703,
-0.004969,
-0.008058,
0.002610,
0.003577,
-0.001470,
0.002804,
0.004859,
-0.003451,
-0.001658,
0.000518,
0.002102,
-0.001798,
-0.001836,
0.001796,
0.000334,
0.001753,
-0.003836,
-0.000762,
0.001557,
0.000167,
0.000000,
0.000000,
0.000000,
0.000000,
0.000000,
0.000000,
0.000000,
0.000000,
0.000000,
0.000000,
0.000000,
0.000000,
-0.002762,
0.032360,
0.060093,
0.100888,
0.070177,
0.064657,
-0.007600,
-0.193017,
-0.358789,
-0.496074,
-0.544473,
-0.349307,
-0.278453,
-0.140145,
0.036799,
0.297643,
0.609399,
0.775420,
0.965198,
1.146272,
1.272246,
1.015964,
0.852820,
0.834139,
0.838454,
0.876936,
0.795062,
0.801570,
0.379211,
-0.097896,
-0.419065,
-1.616998,
-3.619777,
-4.105086,
-4.981345,
-5.496837,
-5.211005,
-3.404160,
-0.861362,
0.702920,
2.554008,
3.656546,
3.902537,
4.537813,
4.282143,
3.496214,
2.983970,
2.469567,
2.202273,
1.027821,
0.332645,
-0.143908,
-0.444911,
-0.661719,
-0.558165,
-0.706043,
-0.716041,
-0.796679,
-0.891895,
-0.888101,
-0.909831,
-1.069599,
-1.076389,
-1.058228,
-0.819755,
-0.769987,
-0.716133,
-0.619067,
-0.640672,
-0.610185,
-0.445798,
-0.320935,
-0.207912,
0.044774,
0.157473,
0.325962,
0.410988,
0.471878,
0.000000,
0.000000,
0.000000,
0.000000,
0.000000,
0.000000,
0.000000,
0.000000,
0.000000,
0.000000,
0.000000,
0.000000,
-0.000513,
-0.013723,
-0.006590,
-0.003271,
0.002516,
0.002280,
-0.012628,
0.002908,
0.001272,
-0.000856,
0.000943,
0.006272,
0.005048,
-0.018853,
0.003647,
0.005069,
-0.010224,
0.008714,
-0.000369,
-0.016587,
-0.006818,
-0.000421,
-0.007351,
0.003216,
0.001501,
0.014262,
0.008732,
0.018303,
0.004157,
-0.009515,
-0.004337,
-0.018326,
-0.021265,
0.005554,
-0.012893,
-0.017569,
0.005326,
-0.001586,
-0.010449,
0.005833,
-0.004536,
0.016307,
0.005746,
-0.003841,
0.001876,
-0.001490,
0.007154,
0.003014,
0.010402,
0.007154,
-0.008011,
-0.009763,
-0.003398,
-0.000736,
-0.003005,
-0.002724,
-0.000136,
-0.000623,
-0.004201,
-0.008577,
0.002547,
0.004159,
-0.001008,
0.000272,
0.005314,
-0.003131,
-0.000826,
0.000184,
0.001845,
-0.001723,
-0.001429,
0.002026,
0.001458,
0.001562,
-0.003805,
-0.000004,
0.002231,
0.000597,
0.000000,
0.000000,
0.000000,
0.000000,
0.000000,
0.000000,
0.000000,
0.000000,
0.000000,
0.000000,
0.000000,
0.000000,
-0.003217,
0.016321,
0.037739,
0.068862,
0.042860,
0.032278,
-0.002909,
-0.168011,
-0.266984,
-0.347050,
-0.356895,
-0.219721,
-0.133804,
-0.031002,
0.116500,
0.332773,
0.555604,
0.669378,
0.753153,
0.847863,
0.914581,
0.633010,
0.364199,
0.298818,
0.269567,
0.387602,
0.251837,
0.111321,
-0.161388,
-0.486664,
-0.768709,
-1.698515,
-3.170096,
-3.368253,
-3.490908,
-3.064220,
-2.561603,
-0.990431,
1.181878,
2.113964,
2.971849,
3.451890,
3.408379,
3.591624,
3.406137,
2.479220,
1.667897,
1.086693,
0.801151,
-0.350278,
-0.935756,
-1.158409,
-1.272341,
-1.287617,
-1.093564,
-1.191911,
-1.151739,
-1.140171,
-1.039917,
-0.990112,
-0.816352,
-0.690130,
-0.675352,
-0.475031,
-0.065220,
-0.017933,
0.032771,
0.155124,
0.217350,
0.317159,
0.326920,
0.243649,
0.181355,
0.329451,
0.304171,
0.304983,
0.329230,
0.346795,
0.000000,
0.000000,
0.000000,
0.000000,
0.000000,
0.000000,
0.000000,
0.000000,
0.000000,
0.000000,
0.000000,
0.000000,
0.000777,
-0.012956,
-0.005624,
-0.002595,
0.001782,
0.003171,
-0.010385,
0.002084,
0.001478,
0.000850,
0.000374,
0.005538,
0.004064,
-0.021328,
0.004343,
0.001495,
-0.008349,
0.009936,
0.001117,
-0.012100,
-0.005976,
0.003132,
-0.009878,
0.003064,
0.003355,
0.011592,
0.012688,
0.013594,
0.003609,
-0.011220,
-0.008547,
-0.019078,
-0.020019,
0.009342,
-0.012988,
-0.013557,
0.002738,
-0.001051,
-0.009106,
0.009608,
-0.001951,
0.007294,
0.001248,
-0.002572,
0.003903,
-0.000635,
0.002155,
0.005192,
0.009268,
0.006253,
-0.011466,
-0.009503,
-0.002962,
0.000436,
-0.007215,
-0.005702,
-0.000340,
0.001309,
-0.000250,
-0.006577,
0.001931,
0.002154,
0.000193,
-0.005224,
0.004295,
-0.002276,
0.001078,
-0.000571,
0.000890,
-0.001328,
-0.001151,
0.002023,
0.002851,
0.001466,
-0.003421,
0.000469,
0.002737,
0.002515
