0.000000,
0.000000,
0.000000,
0.000000,
0.000000,
0.000000,
0.000000,
0.000000,
0.000000,
0.000000,
0.000000,
0.000000,
0.001274,
-0.017257,
-0.055121,
-0.012381,
-0.097439,
-0.180513,
-0.231399,
-0.312364,
-0.186583,
-0.056605,
0.156382,
0.443687,
0.637499,
0.785909,
0.895947,
0.888224,
0.896286,
0.786788,
0.575024,
0.291662,
0.090254,
-0.173336,
-0.521094,
-0.646560,
-0.837528,
-1.111540,
-1.285749,
-1.860673,
-2.212695,
-2.548469,
-3.333249,
-4.397074,
-3.379832,
-2.678929,
-1.638662,
-0.119510,
3.131663,
5.250855,
5.919416,
6.288811,
5.871032,
4.926720,
3.455519,
2.430406,
1.018570,
0.461418,
-0.012269,
-0.547475,
-1.184884,
-2.117033,
-2.035337,
-1.745961,
-1.673370,
-1.740573,
-1.509837,
-1.622377,
-1.309338,
-1.415116,
-1.307537,
-1.290647,
-1.300062,
-1.154381,
-0.993479,
-0.690225,
-0.419900,
-0.188842,
-0.093447,
0.031520,
0.209899,
0.516551,
0.871392,
0.932376,
0.913928,
1.147030,
0.987304,
0.871398,
0.788194,
0.732991,
0.000000,
0.000000,
0.000000,
0.000000,
0.000000,
0.000000,
0.000000,
0.000000,
0.000000,
0.000000,
0.000000,
0.000000,
0.001341,
0.007713,
-0.001478,
0.000849,
0.008115,
0.000979,
-0.002872,
-0.000731,
-0.001572,
0.000290,
-0.003624,
0.007658,
-0.018713,
-0.001360,
-0.006181,
-0.005146,
0.012727,
0.010197,
0.009954,
0.013733,
0.005983,
0.005037,
-0.009707,
0.005450,
0.000302,
-0.001131,
0.011546,
0.001636,
-0.001980,
-0.007668,
-0.012123,
0.015810,
-0.013931,
0.007738,
0.009089,
0.010886,
-0.008621,
0.002692,
-0.008160,
0.017755,
-0.009285,
0.021906,
0.020537,
-0.001443,
0.000016,
-0.006347,
0.005089,
0.000298,
-0.005608,
-0.005143,
-0.010088,
0.000907,
0.000604,
-0.000260,
-0.006919,
-0.004909,
-0.008712,
-0.001673,
-0.001087,
0.003105,
0.003686,
0.004180,
-0.000629,
-0.002566,
0.004407,
-0.000648,
-0.000243,
-0.002129,
0.003461,
0.002576,
0.000528,
0.002589,
0.003339,
0.001520,
-0.002567,
0.001169,
-0.000414,
-0.006712,
0.000000,
0.000000,
0.000000,
0.000000,
0.000000,
0.000000,
0.000000,
0.000000,
0.000000,
0.000000,
0.000000,
0.000000,
-0.003021,
-0.017086,
-0.051297,
-0.015077,
-0.092150,
-0.175486,
-0.217719,
-0.292276,
-0.166751,
-0.044382,
0.157078,
0.420062,
0.600226,
0.744297,
0.847039,
0.823714,
0.814481,
0.717929,
0.499760,
0.219252,
0.012626,
-0.258606,
-0.596503,
-0.694375,
-0.848560,
-1.109096,
-1.274211,
-1.825676,
-2.117725,
-2.421190,
-3.145465,
-4.134836,
-2.949231,
-2.127420,
-0.970825,
0.434911,
3.500643,
5.532143,
6.041535,
6.113107,
5.515831,
4.519555,
2.970167,
1.911106,
0.475226,
-0.164450,
-0.598860,
-1.042495,
-1.697130,
-2.583637,
-2.418412,
-1.962125,
-1.729719,
-1.667308,
-1.385141,
-1.480683,
-1.122349,
-1.176420,
-1.016364,
-0.972125,
-0.937667,
-0.789090,
-0.663559,
-0.339036,
-0.119239,
0.046498,
0.114000,
0.189481,
0.326836,
0.570386,
0.854771,
0.880875,
0.877424,
1.091708,
0.948707,
0.834566,
0.749837,
0.699057,
0.000000,
0.000000,
0.000000,
0.000000,
0.000000,
0.000000,
0.000000,
0.000000,
0.000000,
0.000000,
0.000000,
0.000000,
0.001206,
0.008586,
-0.001652,
0.000809,
0.007941,
-0.000782,
-0.001727,
-0.001893,
-0.001517,
0.000413,
-0.003953,
0.006735,
-0.019823,
-0.000253,
-0.006400,
-0.006618,
0.014980,
0.008422,
0.009130,
0.016607,
0.007998,
0.004716,
-0.010764,
0.005514,
0.000645,
-0.001967,
0.012539,
-0.000982,
-0.003123,
-0.007350,
-0.014256,
0.015229,
-0.014089,
0.010589,
0.010855,
0.010083,
-0.008897,
0.003723,
-0.008432,
0.018878,
-0.011049,
0.023538,
0.020320,
-0.003131,
0.000633,
-0.005381,
0.005362,
0.001862,
-0.007684,
-0.006867,
-0.011593,
-0.000276,
-0.001126,
-0.000926,
-0.006980,
-0.006502,
-0.009198,
-0.002393,
-0.000662,
0.003690,
0.002859,
0.002271,
-0.000258,
-0.002061,
0.003608,
-0.000598,
-0.000223,
-0.002118,
0.002962,
0.001848,
0.000454,
0.002059,
0.003061,
0.000705,
-0.002422,
0.000780,
-0.000705,
-0.006876,
0.000000,
0.000000,
0.000000,
0.000000,
0.000000,
0.000000,
0.000000,
0.000000,
0.000000,
0.000000,
0.000000,
0.000000,
-0.007528,
-0.019040,
-0.047032,
-0.019757,
-0.082547,
-0.168296,
-0.201418,
-0.263947,
-0.138327,
-0.019319,
0.167317,
0.399075,
0.556764,
0.692146,
0.785109,
0.735966,
0.699416,
0.606188,
0.368527,
0.086149,
-0.121076,
-0.381672,
-0.683181,
-0.737631,
-0.815927,
-1.032808,
-1.217034,
-1.728522,
-1.939201,
-2.182743,
-2.803059,
-3.703498,
-2.382915,
-1.449350,
-0.129989,
1.126346,
3.854796,
5.661649,
5.952364,
5.655382,
4.893822,
3.900362,
2.287899,
1.205692,
-0.219477,
-0.952573,
-1.320860,
-1.614165,
-2.247398,
-2.991617,
-2.690921,
-2.065841,
-1.666353,
-1.474784,
-1.159670,
-1.231795,
-0.845893,
-0.839373,
-0.619874,
-0.540371,
-0.442443,
-0.294579,
-0.222754,
0.108162,
0.250340,
0.326240,
0.355651,
0.367535,
0.445629,
0.588470,
0.763273,
0.746178,
0.757592,
0.922012,
0.807601,
0.705563,
0.626419,
0.586602,
0.000000,
0.000000,
0.000000,
0.000000,
0.000000,
0.000000,
0.000000,
0.000000,
0.000000,
0.000000,
0.000000,
0.000000,
0.001613,
0.009188,
-0.001339,
0.001768,
0.009588,
-0.001074,
0.000155,
-0.000935,
-0.001352,
-0.000013,
-0.004626,
0.004930,
-0.021602,
-0.000607,
-0.006980,
-0.007284,
0.015628,
0.006722,
0.009213,
0.019189,
0.007580,
0.004924,
-0.009813,
0.006683,
0.001368,
-0.003362,
0.011771,
-0.006147,
-0.003236,
-0.007515,
-0.017179,
0.014650,
-0.016218,
0.014158,
0.012618,
0.008296,
-0.007042,
0.005042,
-0.008209,
0.019605,
-0.011140,
0.024467,
0.021115,
-0.004201,
0.001727,
-0.002568,
0.004477,
0.001817,
-0.010164,
-0.008493,
-0.013138,
-0.002703,
-0.003052,
-0.001560,
-0.005579,
-0.007250,
-0.009204,
-0.002859,
0.000495,
0.004254,
0.001269,
-0.000006,
0.001577,
-0.001464,
0.002418,
-0.001171,
0.000571,
-0.002251,
0.001610,
0.000406,
-0.000108,
0.001213,
0.001951,
-0.000348,
-0.001782,
0.000336,
-0.001353,
-0.006357,
0.000000,
0.000000,
0.000000,
0.000000,
0.000000,
0.000000,
0.000000,
0.000000,
0.000000,
0.000000,
0.000000,
0.000000,
-0.017065,
-0.019256,
-0.034938,
-0.026167,
-0.055133,
-0.139057,
-0.146947,
-0.176860,
-0.063228,
0.036620,
0.167398,
0.309321,
0.406542,
0.502605,
0.580454,
0.487996,
0.396142,
0.320558,
0.077684,
-0.172949,
-0.344027,
-0.550996,
-0.711799,
-0.679422,
-0.628882,
-0.799053,
-0.985904,
-1.297329,
-1.276226,
-1.359789,
-1.673645,
-2.325531,
-0.953107,
0.072364,
1.526790,
2.239182,
3.731074,
4.721351,
4.546808,
3.415153,
2.499096,
1.828990,
0.528457,
-0.272208,
-1.339640,
-2.146925,
-2.278583,
-2.115899,
-2.479273,
-2.764018,
-2.305333,
-1.577854,
-1.015606,
-0.749053,
-0.503977,
-0.521612,
-0.167016,
-0.022127,
0.223223,
0.336974,
0.533985,
0.635051,
0.595553,
0.859516,
0.808763,
0.706152,
0.654404,
0.557426,
0.521286,
0.398989,
0.298680,
0.209985,
0.246760,
0.222968,
0.177388,
0.135895,
0.106097,
0.121722,
0.000000,
0.000000,
0.000000,
0.000000,
0.000000,
0.000000,
0.000000,
0.000000,
0.000000,
0.000000,
0.000000,
0.000000,
0.001076,
0.010941,
0.000372,
0.002882,
0.010571,
-0.003454,
0.003005,
-0.000958,
-0.000810,
-0.001740,
-0.004570,
0.004544,
-0.023880,
0.000189,
-0.005198,
-0.008308,
0.016633,
0.001586,
0.006362,
0.022640,
0.007391,
0.001011,
-0.008526,
0.007252,
0.002404,
-0.004099,
0.009093,
-0.017589,
-0.005995,
-0.005870,
-0.020125,
0.010522,
-0.016115,
0.019612,
0.016171,
0.004738,
-0.004134,
0.006182,
-0.004220,
0.017200,
-0.010836,
0.021549,
0.015689,
-0.006560,
0.002514,
0.000934,
0.002891,
0.001140,
-0.011579,
-0.008278,
-0.011272,
-0.006764,
-0.006377,
-0.002130,
-0.001374,
-0.006182,
-0.008554,
-0.004058,
0.001614,
0.003552,
-0.002322,
-0.004098,
0.004379,
0.000038,
-0.000582,
-0.001379,
0.001236,
-0.002460,
-0.001516,
-0.002378,
-0.001932,
-0.000692,
-0.000918,
-0.003350,
0.001786,
-0.000441,
-0.002501,
-0.003908
